# Made in Blockbench 4.12.1
mtllib theworfer27_sneak.mtl

o Head
v 0.27071824814034406 0.010494020293024764 -0.634046891689747
v -0.22737910090552874 -0.01450121987334041 -0.669743794111382
v -0.23193422883271056 0.4226945601376639 -0.9123115181600209
v 0.26616312021316224 0.447689800304029 -0.8766146157383861
v 0.22737910090552874 0.251813493004191 -0.1982870605816427
v 0.2228239729783469 0.6890092730151952 -0.4408547846302816
v -0.27071824814034406 0.22681825283782583 -0.2339839630032775
v -0.2752733760675259 0.6640140328488301 -0.4765516870519164
vt 0.125 0.75
vt 0.25 0.75
vt 0.25 0.875
vt 0.125 0.875
vt 0 0.75
vt 0.125 0.75
vt 0.125 0.875
vt 0 0.875
vt 0.375 0.75
vt 0.5 0.75
vt 0.5 0.875
vt 0.375 0.875
vt 0.25 0.75
vt 0.375 0.75
vt 0.375 0.875
vt 0.25 0.875
vt 0.25 1
vt 0.125 1
vt 0.125 0.875
vt 0.25 0.875
vt 0.375 0.875
vt 0.25 0.875
vt 0.25 1
vt 0.375 1
vn 0.08667829446963059 -0.48263894542233265 -0.8715196622162088
vn 0.9961946980917455 0.049990480332730326 0.07139380484326967
vn -0.08667829446963059 0.48263894542233265 0.8715196622162088
vn -0.9961946980917455 -0.049990480332730326 -0.07139380484326967
vn -0.00911025585436366 0.8743915600220086 -0.4851354480972776
vn 0.00911025585436366 -0.8743915600220086 0.4851354480972776
usemtl m_668de65a-51ee-5f5c-5005-2146a8f374da
f 1/1/1 2/2/1 3/3/1 4/4/1
f 5/5/2 1/6/2 4/7/2 6/8/2
f 7/9/3 5/10/3 6/11/3 8/12/3
f 2/13/4 7/14/4 8/15/4 3/16/4
f 8/17/5 6/18/5 4/19/5 3/20/5
f 2/21/6 1/22/6 5/23/6 7/24/6
o Hat
v 0.3048427246533359 -0.030350980491713142 -0.6438903419796115
v -0.25551679302327096 -0.058470625678873955 -0.6840493572039507
v -0.2606413119413505 0.43337462683350614 -0.9569380467586697
v 0.29971820573525637 0.46149427202066695 -0.9167790315343305
v 0.25608618401416866 0.24113342630834908 -0.15366053198299412
v 0.25096166509608914 0.732978678820729 -0.426549221537713
v -0.3042733336624382 0.2130137811211883 -0.19381954720733335
v -0.3093978525805177 0.7048590336335682 -0.4667082367620522
vt 0.625 0.75
vt 0.75 0.75
vt 0.75 0.875
vt 0.625 0.875
vt 0.5 0.75
vt 0.625 0.75
vt 0.625 0.875
vt 0.5 0.875
vt 0.875 0.75
vt 1 0.75
vt 1 0.875
vt 0.875 0.875
vt 0.75 0.75
vt 0.875 0.75
vt 0.875 0.875
vt 0.75 0.875
vt 0.75 1
vt 0.625 1
vt 0.625 0.875
vt 0.75 0.875
vt 0.875 0.875
vt 0.75 0.875
vt 0.75 1
vt 0.875 1
vn 0.0866782944696306 -0.48263894542233277 -0.8715196622162087
vn 0.9961946980917457 0.04999048033273028 0.07139380484326971
vn -0.08667829446963064 0.4826389454223327 0.8715196622162087
vn -0.9961946980917457 -0.04999048033273028 -0.07139380484326971
vn -0.009110255854363643 0.8743915600220084 -0.48513544809727766
vn 0.00911025585436361 -0.8743915600220082 0.48513544809727804
usemtl m_668de65a-51ee-5f5c-5005-2146a8f374da
f 9/25/7 10/26/7 11/27/7 12/28/7
f 13/29/8 9/30/8 12/31/8 14/32/8
f 15/33/9 13/34/9 14/35/9 16/36/9
f 10/37/10 15/38/10 16/39/10 11/40/10
f 16/41/11 14/42/11 12/43/11 11/44/11
f 10/45/12 9/46/12 13/47/12 15/48/12
o Body
v 0.25 0.12372135134419876 0.44333118447123654
v -0.25 0.12372135134419876 0.44333118447123654
v -0.25 0.12372135134419893 -0.30666881552876346
v 0.25 0.12372135134419893 -0.30666881552876346
v 0.25 0.37372135134419876 0.44333118447123665
v 0.25 0.3737213513441989 -0.30666881552876335
v -0.25 0.37372135134419876 0.44333118447123665
v -0.25 0.3737213513441989 -0.30666881552876335
vt 0.3125 0.5
vt 0.4375 0.5
vt 0.4375 0.6875
vt 0.3125 0.6875
vt 0.25 0.5
vt 0.3125 0.5
vt 0.3125 0.6875
vt 0.25 0.6875
vt 0.5 0.5
vt 0.625 0.5
vt 0.625 0.6875
vt 0.5 0.6875
vt 0.4375 0.5
vt 0.5 0.5
vt 0.5 0.6875
vt 0.4375 0.6875
vt 0.4375 0.75
vt 0.3125 0.75
vt 0.3125 0.6875
vt 0.4375 0.6875
vt 0.5625 0.6875
vt 0.4375 0.6875
vt 0.4375 0.75
vt 0.5625 0.75
vn 0 -1 -2.220446049250313e-16
vn 1 0 0
vn 0 1 2.220446049250313e-16
vn -1 0 0
vn 0 2.220446049250313e-16 -1
vn 0 -2.220446049250313e-16 1
usemtl m_668de65a-51ee-5f5c-5005-2146a8f374da
f 17/49/13 18/50/13 19/51/13 20/52/13
f 21/53/14 17/54/14 20/55/14 22/56/14
f 23/57/15 21/58/15 22/59/15 24/60/15
f 18/61/16 23/62/16 24/63/16 19/64/16
f 24/65/17 22/66/17 20/67/17 19/68/17
f 18/69/18 17/70/18 21/71/18 23/72/18
o Body
v 0.265625 0.10809635134419876 0.45895618447123654
v -0.265625 0.10809635134419876 0.45895618447123654
v -0.265625 0.10809635134419893 -0.32229381552876346
v 0.265625 0.10809635134419893 -0.32229381552876346
v 0.265625 0.38934635134419876 0.45895618447123665
v 0.265625 0.3893463513441989 -0.32229381552876335
v -0.265625 0.38934635134419876 0.45895618447123665
v -0.265625 0.3893463513441989 -0.32229381552876335
vt 0.3125 0.25
vt 0.4375 0.25
vt 0.4375 0.4375
vt 0.3125 0.4375
vt 0.25 0.25
vt 0.3125 0.25
vt 0.3125 0.4375
vt 0.25 0.4375
vt 0.5 0.25
vt 0.625 0.25
vt 0.625 0.4375
vt 0.5 0.4375
vt 0.4375 0.25
vt 0.5 0.25
vt 0.5 0.4375
vt 0.4375 0.4375
vt 0.4375 0.5
vt 0.3125 0.5
vt 0.3125 0.4375
vt 0.4375 0.4375
vt 0.5625 0.4375
vt 0.4375 0.4375
vt 0.4375 0.5
vt 0.5625 0.5
vn 0 -1 -2.220446049250313e-16
vn 1 0 0
vn 0 1 2.220446049250313e-16
vn -1 0 0
vn 0 2.220446049250313e-16 -1
vn 0 -2.220446049250313e-16 1
usemtl m_668de65a-51ee-5f5c-5005-2146a8f374da
f 25/73/19 26/74/19 27/75/19 28/76/19
f 29/77/20 25/78/20 28/79/20 30/80/20
f 31/81/21 29/82/21 30/83/21 32/84/21
f 26/85/22 31/86/22 32/87/22 27/88/22
f 32/89/23 30/90/23 28/91/23 27/92/23
f 26/93/24 25/94/24 29/95/24 31/96/24
o Right
v 0.8448748247152776 0.26821526434045334 -0.5609092306112979
v 0.6962743007719769 0.27529817013218055 -0.6750318257856193
v 0.24819366697917267 0.38931697183500313 -0.08450370750665792
v 0.3967941909224733 0.3822340660432759 0.029618887667663407
v 0.8143063330208273 0.02130164201992954 -0.5364300470447647
v 0.36622569922802306 0.13532044372275207 0.05409807123419663
v 0.6657058090775267 0.028384547811656752 -0.650552642219086
v 0.21762517528472236 0.14240334951447928 -0.0600245239401247
vt 0.6875 0.5
vt 0.734375 0.5
vt 0.734375 0.6875
vt 0.6875 0.6875
vt 0.625 0.5
vt 0.6875 0.5
vt 0.6875 0.6875
vt 0.625 0.6875
vt 0.796875 0.5
vt 0.84375 0.5
vt 0.84375 0.6875
vt 0.796875 0.6875
vt 0.734375 0.5
vt 0.796875 0.5
vt 0.796875 0.6875
vt 0.734375 0.6875
vt 0.734375 0.75
vt 0.6875 0.75
vt 0.6875 0.6875
vt 0.734375 0.6875
vt 0.78125 0.6875
vt 0.734375 0.6875
vt 0.734375 0.75
vt 0.78125 0.75
vn 0.12227396677780117 0.9876544892820955 -0.0979167342661326
vn 0.7925361276976037 -0.037775497555878404 0.6086538409297141
vn -0.12227396677780113 -0.9876544892820955 0.09791673426613254
vn -0.7925361276976037 0.037775497555878404 -0.6086538409297141
vn -0.5974408450570725 0.15202506893709714 0.7873708243719487
vn 0.5974408450570725 -0.1520250689370971 -0.7873708243719487
usemtl m_668de65a-51ee-5f5c-5005-2146a8f374da
f 33/97/25 34/98/25 35/99/25 36/100/25
f 37/101/26 33/102/26 36/103/26 38/104/26
f 39/105/27 37/106/27 38/107/27 40/108/27
f 34/109/28 39/110/28 40/111/28 35/112/28
f 40/113/29 38/114/29 36/115/29 35/116/29
f 34/117/30 33/118/30 37/119/30 39/120/30
o Right
v 0.8685037456454725 0.28068173188403334 -0.5652316324504911
v 0.6951364677116217 0.2889451219743818 -0.6983746601538661
v 0.22838580751078397 0.4077147070814886 -0.08324120361328133
v 0.4017530854446348 0.39945131699114017 0.04990182409009358
v 0.834114192489216 0.002903906773444015 -0.5376925509381413
v 0.36736353228837826 0.12167349188055088 0.07744090560244338
v 0.6607469145553653 0.011167296863792447 -0.6708355786415162
v 0.1939962543545275 0.1299368819708993 -0.05570212210093156
vt 0.6875 0.25
vt 0.734375 0.25
vt 0.734375 0.4375
vt 0.6875 0.4375
vt 0.625 0.25
vt 0.6875 0.25
vt 0.6875 0.4375
vt 0.625 0.4375
vt 0.796875 0.25
vt 0.84375 0.25
vt 0.84375 0.4375
vt 0.796875 0.4375
vt 0.734375 0.25
vt 0.796875 0.25
vt 0.796875 0.4375
vt 0.734375 0.4375
vt 0.734375 0.5
vt 0.6875 0.5
vt 0.6875 0.4375
vt 0.734375 0.4375
vt 0.78125 0.4375
vt 0.734375 0.4375
vt 0.734375 0.5
vt 0.78125 0.5
vn 0.12227396677780113 0.9876544892820955 -0.09791673426613254
vn 0.7925361276976037 -0.037775497555878404 0.6086538409297141
vn -0.12227396677780117 -0.9876544892820955 0.0979167342661326
vn -0.7925361276976037 0.037775497555878404 -0.6086538409297141
vn -0.5974408450570725 0.15202506893709666 0.7873708243719488
vn 0.5974408450570724 -0.1520250689370967 -0.7873708243719487
usemtl m_668de65a-51ee-5f5c-5005-2146a8f374da
f 41/121/31 42/122/31 43/123/31 44/124/31
f 45/125/32 41/126/32 44/127/32 46/128/32
f 47/129/33 45/130/33 46/131/33 48/132/33
f 42/133/34 47/134/34 48/135/34 43/136/34
f 48/137/35 46/138/35 44/139/35 43/140/35
f 42/141/36 41/142/36 45/143/36 47/144/36
o Left
v -0.7513646941905148 0.18975925981744884 -0.7487963009773646
v -0.8932336682971036 0.2461415972245012 -0.6399364083884902
v -0.40943928229183874 0.39485827506821325 -0.0864688467365734
v -0.26757030818524974 0.3384759376611609 -0.19532873932544792
v -0.7780607177081613 -0.04345972697093575 -0.6627949839540506
v -0.2942663317028963 0.1052569508727763 -0.10932742230213388
v -0.9199296918147502 0.012922610436116616 -0.553935091365176
v -0.43613530580948523 0.16163928827982868 -0.00046752971325936254
vt 0.5625 0
vt 0.609375 0
vt 0.609375 0.1875
vt 0.5625 0.1875
vt 0.5 0
vt 0.5625 0
vt 0.5625 0.1875
vt 0.5 0.1875
vt 0.671875 0
vt 0.71875 0
vt 0.71875 0.1875
vt 0.671875 0.1875
vt 0.609375 0
vt 0.671875 0
vt 0.671875 0.1875
vt 0.609375 0.1875
vt 0.609375 0.25
vt 0.5625 0.25
vt 0.5625 0.1875
vt 0.609375 0.1875
vt 0.65625 0.1875
vt 0.609375 0.1875
vt 0.609375 0.25
vt 0.65625 0.25
vn 0.1067840940705862 0.9328759471535384 -0.3440052680932558
vn 0.7566345285684745 -0.30070579950427945 -0.5805860938073307
vn -0.1067840940705862 -0.9328759471535384 0.3440052680932558
vn -0.7566345285684745 0.30070579950427945 0.5805860938073307
vn 0.6450591813403533 0.19828890379161632 0.7379567488692222
vn -0.6450591813403533 -0.19828890379161632 -0.7379567488692222
usemtl m_668de65a-51ee-5f5c-5005-2146a8f374da
f 49/145/37 50/146/37 51/147/37 52/148/37
f 53/149/38 49/150/38 52/151/38 54/152/38
f 55/153/39 53/154/39 54/155/39 56/156/39
f 50/157/40 55/158/40 56/159/40 51/160/40
f 56/161/41 54/162/41 52/163/41 51/164/41
f 50/165/42 49/166/42 53/167/42 55/168/42
o Left
v -0.7479528279202224 0.19653865425272452 -0.7747736152081429
v -0.9134666310445763 0.2623180478942856 -0.6477704071877893
v -0.40951414562242516 0.41723125398148564 -0.07124169713370926
v -0.2440003424980714 0.35145186033992454 -0.19824490515406287
v -0.7779858543775748 -0.06583270588420814 -0.6780221335569145
v -0.2740333689554239 0.08908050020299191 -0.1014934235028348
v -0.9434996575019285 -0.00005331224264704115 -0.551018925536561
v -0.43954717207977767 0.154859893844553 0.025509784517518785
vt 0.8125 0
vt 0.859375 0
vt 0.859375 0.1875
vt 0.8125 0.1875
vt 0.75 0
vt 0.8125 0
vt 0.8125 0.1875
vt 0.75 0.1875
vt 0.921875 0
vt 0.96875 0
vt 0.96875 0.1875
vt 0.921875 0.1875
vt 0.859375 0
vt 0.921875 0
vt 0.921875 0.1875
vt 0.859375 0.1875
vt 0.859375 0.25
vt 0.8125 0.25
vt 0.8125 0.1875
vt 0.859375 0.1875
vt 0.90625 0.1875
vt 0.859375 0.1875
vt 0.859375 0.25
vt 0.90625 0.25
vn 0.1067840940705862 0.9328759471535385 -0.3440052680932558
vn 0.7566345285684745 -0.30070579950427945 -0.5805860938073307
vn -0.1067840940705862 -0.9328759471535385 0.3440052680932558
vn -0.7566345285684745 0.30070579950427945 0.5805860938073307
vn 0.6450591813403533 0.1982889037916156 0.7379567488692226
vn -0.6450591813403533 -0.19828890379161632 -0.7379567488692222
usemtl m_668de65a-51ee-5f5c-5005-2146a8f374da
f 57/169/43 58/170/43 59/171/43 60/172/43
f 61/173/44 57/174/44 60/175/44 62/176/44
f 63/177/45 61/178/45 62/179/45 64/180/45
f 58/181/46 63/182/46 64/183/46 59/184/46
f 64/185/47 62/186/47 60/187/47 59/188/47
f 58/189/48 57/190/48 61/191/48 63/192/48
o Right
v 0.2701999666043687 0.26912469994564925 1.19857724436257
v 0.020352259849594736 0.26912469994564925 1.2073021185381951
v -0.005341461139268061 0.1260179534132408 0.47153021652055516
v 0.24450624561550588 0.1260179534132408 0.46280534234492987
v 0.2685351821281309 0.5145314958075652 1.150904054439558
v 0.24284146113926808 0.3714247492751568 0.4151321524219179
v 0.018687475373356924 0.5145314958075652 1.159628928615183
v -0.007006245615505877 0.3714247492751568 0.4238570265975432
vt 0.0625 0.5
vt 0.125 0.5
vt 0.125 0.6875
vt 0.0625 0.6875
vt 0 0.5
vt 0.0625 0.5
vt 0.0625 0.6875
vt 0 0.6875
vt 0.1875 0.5
vt 0.25 0.5
vt 0.25 0.6875
vt 0.1875 0.6875
vt 0.125 0.5
vt 0.1875 0.5
vt 0.1875 0.6875
vt 0.125 0.6875
vt 0.125 0.75
vt 0.0625 0.75
vt 0.0625 0.6875
vt 0.125 0.6875
vt 0.1875 0.6875
vt 0.125 0.6875
vt 0.125 0.75
vt 0.1875 0.75
vn 0.006659137904951198 -0.9816271834476641 0.19069275969204774
vn 0.9993908270190958 -4.313597700459707e-17 -0.03489949670250096
vn -0.0066591379049511954 0.9816271834476641 -0.1906927596920477
vn -0.9993908270190958 3.815578215789454e-18 0.03489949670250097
vn -0.03425829465181723 -0.19080899537654486 -0.9810292026901865
vn 0.0342582946518168 0.19080899537654492 0.9810292026901865
usemtl m_668de65a-51ee-5f5c-5005-2146a8f374da
f 65/193/49 66/194/49 67/195/49 68/196/49
f 69/197/50 65/198/50 68/199/50 70/200/50
f 71/201/51 69/202/51 70/203/51 72/204/51
f 66/205/52 71/206/52 72/207/52 67/208/52
f 72/209/53 70/210/53 68/211/53 67/212/53
f 66/213/54 65/214/54 69/215/54 71/216/54
o Right
v 0.2864547831602416 0.256768165757038 1.2163400953888157
v 0.005376113061120871 0.256768165757038 1.226155578836394
v -0.021388179635611217 0.10769863811911257 0.4597265142346858
v 0.2596904904635095 0.10769863811911257 0.44991103078710737
v 0.284581900624474 0.5328508111016935 1.1627077567254271
v 0.25781760792774194 0.383781283463768 0.3962786921237189
v 0.00350323052535333 0.5328508111016935 1.1725232401730057
v -0.02326106217137875 0.383781283463768 0.40609417557129734
vt 0.0625 0.25
vt 0.125 0.25
vt 0.125 0.4375
vt 0.0625 0.4375
vt 0 0.25
vt 0.0625 0.25
vt 0.0625 0.4375
vt 0 0.4375
vt 0.1875 0.25
vt 0.25 0.25
vt 0.25 0.4375
vt 0.1875 0.4375
vt 0.125 0.25
vt 0.1875 0.25
vt 0.1875 0.4375
vt 0.125 0.4375
vt 0.125 0.5
vt 0.0625 0.5
vt 0.0625 0.4375
vt 0.125 0.4375
vt 0.1875 0.4375
vt 0.125 0.4375
vt 0.125 0.5
vt 0.1875 0.5
vn 0.006659137904951196 -0.9816271834476641 0.19069275969204774
vn 0.9993908270190959 7.682978871184345e-17 -0.03489949670250099
vn -0.006659137904951348 0.9816271834476641 -0.19069275969204774
vn -0.9993908270190959 -3.34077326376151e-17 0.03489949670250097
vn -0.034258294651817185 -0.19080899537654497 -0.9810292026901866
vn 0.0342582946518168 0.19080899537654494 0.9810292026901866
usemtl m_668de65a-51ee-5f5c-5005-2146a8f374da
f 73/217/55 74/218/55 75/219/55 76/220/55
f 77/221/56 73/222/56 76/223/56 78/224/56
f 79/225/57 77/226/57 78/227/57 80/228/57
f 74/229/58 79/230/58 80/231/58 75/232/58
f 80/233/59 78/234/59 76/235/59 75/236/59
f 74/237/60 73/238/60 77/239/60 79/240/60
o Left
v -0.018845588568762943 -0.004615751032525206 1.1641566981262013
v -0.26869329532353686 -0.004615751032525206 1.155431823950576
v -0.24291632412690164 0.1256203822176728 0.4172759478973098
v 0.006931382627872268 0.1256203822176728 0.4260008220729351
v -0.020360647069733527 0.2415861872205268 1.2075422970984293
v 0.005416324126901684 0.3718223204707248 0.46938642104516326
v -0.2702083538245075 0.2415861872205268 1.1988174229228041
v -0.24443138262787226 0.3718223204707248 0.460661546869538
vt 0.3125 0
vt 0.375 0
vt 0.375 0.1875
vt 0.3125 0.1875
vt 0.25 0
vt 0.3125 0
vt 0.3125 0.1875
vt 0.25 0.1875
vt 0.4375 0
vt 0.5 0
vt 0.5 0.1875
vt 0.4375 0.1875
vt 0.375 0
vt 0.4375 0
vt 0.4375 0.1875
vt 0.375 0.1875
vt 0.375 0.25
vt 0.3125 0.25
vt 0.3125 0.1875
vt 0.375 0.1875
vt 0.4375 0.1875
vt 0.375 0.1875
vt 0.375 0.25
vt 0.4375 0.25
vn 0.006060234003882294 -0.9848077530122081 -0.17354239588891268
vn 0.9993908270190958 -3.123315688117776e-18 0.03489949670250097
vn -0.006060234003882293 0.9848077530122081 0.17354239588891268
vn -0.9993908270190958 -1.0674250445707998e-16 -0.034899496702501
vn 0.03436929492884712 0.1736481776669304 -0.984207834737688
vn -0.03436929492884668 -0.17364817766693036 0.984207834737688
usemtl m_668de65a-51ee-5f5c-5005-2146a8f374da
f 81/241/61 82/242/61 83/243/61 84/244/61
f 85/245/62 81/246/62 84/247/62 86/248/62
f 87/249/63 85/250/63 86/251/63 88/252/63
f 82/253/64 87/254/64 88/255/64 83/256/64
f 88/257/65 86/258/65 84/259/65 83/260/65
f 82/261/66 81/262/66 85/263/66 87/264/66
o Left
v -0.003672435973542141 -0.022716624949386754 1.17736865024419
v -0.28475110607266285 -0.022716624949386754 1.1675531667966115
v -0.25790009440950123 0.11294601385290282 0.39864079590779256
v 0.023178575689619528 0.11294601385290282 0.408456279355371
v -0.0053768767871340516 0.2542605555852968 1.2261774490879465
v 0.021474134876027624 0.3899231943875863 0.45726507819912776
v -0.28645554688625474 0.2542605555852968 1.2163619656403681
v -0.2596045352230931 0.3899231943875863 0.44744959475154933
vt 0.0625 0
vt 0.125 0
vt 0.125 0.1875
vt 0.0625 0.1875
vt 0 0
vt 0.0625 0
vt 0.0625 0.1875
vt 0 0.1875
vt 0.1875 0
vt 0.25 0
vt 0.25 0.1875
vt 0.1875 0.1875
vt 0.125 0
vt 0.1875 0
vt 0.1875 0.1875
vt 0.125 0.1875
vt 0.125 0.25
vt 0.0625 0.25
vt 0.0625 0.1875
vt 0.125 0.1875
vt 0.1875 0.1875
vt 0.125 0.1875
vt 0.125 0.25
vt 0.1875 0.25
vn 0.00606023400388243 -0.984807753012208 -0.17354239588891265
vn 0.9993908270190959 2.5804162009059914e-17 0.03489949670250096
vn -0.006060234003882293 0.9848077530122081 0.17354239588891268
vn -0.9993908270190959 6.301367996095258e-17 -0.034899496702500886
vn 0.034369294928847056 0.17364817766693075 -0.984207834737688
vn -0.03436929492884746 -0.17364817766692997 0.9842078347376881
usemtl m_668de65a-51ee-5f5c-5005-2146a8f374da
f 89/265/67 90/266/67 91/267/67 92/268/67
f 93/269/68 89/270/68 92/271/68 94/272/68
f 95/273/69 93/274/69 94/275/69 96/276/69
f 90/277/70 95/278/70 96/279/70 91/280/70
f 96/281/71 94/282/71 92/283/71 91/284/71
f 90/285/72 89/286/72 93/287/72 95/288/72
o cape
v -0.31250000000000006 0.7511058055593541 0.637651078984955
v 0.31249999999999994 0.751105805559354 0.637651078984955
v 0.3125 0.450400006055081 -0.31606587176327183
v -0.3125 0.45040000605508107 -0.31606587176327183
v -0.31250000000000006 0.69149849613759 0.6564451914539722
v -0.3125 0.3907926966333169 -0.29727175929425487
v 0.31249999999999994 0.6914984961375898 0.6564451914539722
v 0.3125 0.39079269663331684 -0.29727175929425487
vt 0.015625 0.46875
vt 0.171875 0.46875
vt 0.171875 0.96875
vt 0.015625 0.96875
vt 0 0.46875
vt 0.015625 0.46875
vt 0.015625 0.96875
vt 0 0.96875
vt 0.1875 0.46875
vt 0.34375 0.46875
vt 0.34375 0.96875
vt 0.1875 0.96875
vt 0.171875 0.46875
vt 0.1875 0.46875
vt 0.1875 0.96875
vt 0.171875 0.96875
vt 0.171875 1
vt 0.015625 1
vt 0.015625 0.96875
vt 0.171875 0.96875
vt 0.328125 0.96875
vt 0.171875 0.96875
vt 0.171875 1
vt 0.328125 1
vn 1.6941416283135645e-16 0.9537169507482269 -0.30070579950427306
vn -1 -1.6692525112398086e-17 -5.2941925884798873e-17
vn -1.6941416283135645e-16 -0.9537169507482269 0.30070579950427306
vn 1 1.6692525112398086e-17 5.2941925884798873e-17
vn -2.6708040179836672e-17 -0.30070579950427145 -0.9537169507482276
vn 5.3416080359673905e-17 0.3007057995042746 0.9537169507482264
usemtl m_9c7d4a15-f1cc-f336-cc1c-5125e39bc726
f 97/289/73 98/290/73 99/291/73 100/292/73
f 101/293/74 97/294/74 100/295/74 102/296/74
f 103/297/75 101/298/75 102/299/75 104/300/75
f 98/301/76 103/302/76 104/303/76 99/304/76
f 104/305/77 102/306/77 100/307/77 99/308/77
f 98/309/78 97/310/78 101/311/78 103/312/78
