# Made in Blockbench 4.12.1
mtllib eleo_sneak.mtl

o Head
v 0.20344154794285818 0.7205482406794503 -0.705887336133956
v 0.2729776142619654 0.33311890221627394 -1.0142106131969268
v 0.2174112770194808 0.41085838266891295 -0.31359020574050134
v 0.28694734333858796 0.02342904420573655 -0.6219134828034724
v -0.22196640494666267 0.26994691836743223 -1.046455276417547
v -0.2915024712657699 0.6573762568306087 -0.738131999354576
v -0.20799667587004003 -0.03974293964310527 -0.6541581460240922
v -0.27753274218914725 0.34768639882007113 -0.34583486896112114
vt 0.125 0.875
vt 0.25 0.875
vt 0.25 0.75
vt 0.125 0.75
vt 0 0.875
vt 0.125 0.875
vt 0.125 0.75
vt 0 0.75
vt 0.375 0.875
vt 0.5 0.875
vt 0.5 0.75
vt 0.375 0.75
vt 0.25 0.875
vt 0.375 0.875
vt 0.375 0.75
vt 0.25 0.75
vt 0.25 0.875
vt 0.125 0.875
vt 0.125 1
vt 0.25 1
vt 0.375 1
vt 0.25 1
vt 0.25 0.875
vt 0.375 0.875
vn 0.13907213263821455 -0.7748586769263539 -0.6166465541259428
vn 0.9898880384172555 0.12634396769768358 0.06448932644123975
vn -0.13907213263821455 0.7748586769263539 0.6166465541259428
vn -0.9898880384172555 -0.12634396769768358 -0.06448932644123975
vn -0.02793945815324523 0.6193797160210747 -0.784594260786909
vn 0.02793945815324523 -0.6193797160210747 0.784594260786909
usemtl m_e1e6137b-1a8d-32d0-cbc3-670206234a2a
f 4/4/1 7/3/1 5/2/1 2/1/1
f 3/8/2 4/7/2 2/6/2 1/5/2
f 8/12/3 3/11/3 1/10/3 6/9/3
f 7/16/4 8/15/4 6/14/4 5/13/4
f 6/20/5 1/19/5 2/18/5 5/17/5
f 7/24/6 4/23/6 3/22/6 8/21/6
o Hat Layer
v 0.22915643693116428 0.7680664394496097 -0.7091204105158228
v 0.3073845115401599 0.33220843367853625 -1.0559840972116652
v 0.24487238214236473 0.41966534918775533 -0.2677861388231866
v 0.32310045675136034 -0.0161926565833182 -0.6146498255190289
v -0.24942751006954658 0.26113995184858924 -1.0922593433348626
v -0.3276555846785423 0.6969979576196628 -0.7453956566390201
v -0.23371156485834613 -0.08726113841326522 -0.6509250716422263
v -0.3119396394673418 0.3485968673578083 -0.3040613849463839
vt 0.625 0.875
vt 0.75 0.875
vt 0.75 0.75
vt 0.625 0.75
vt 0.5 0.875
vt 0.625 0.875
vt 0.625 0.75
vt 0.5 0.75
vt 0.875 0.875
vt 1 0.875
vt 1 0.75
vt 0.875 0.75
vt 0.75 0.875
vt 0.875 0.875
vt 0.875 0.75
vt 0.75 0.75
vt 0.75 0.875
vt 0.625 0.875
vt 0.625 1
vt 0.75 1
vt 0.875 1
vt 0.75 1
vt 0.75 0.875
vt 0.875 0.875
vn 0.13907213263821455 -0.7748586769263539 -0.6166465541259428
vn 0.9898880384172555 0.12634396769768358 0.06448932644123975
vn -0.13907213263821455 0.7748586769263539 0.6166465541259428
vn -0.9898880384172555 -0.12634396769768358 -0.06448932644123975
vn -0.02793945815324523 0.6193797160210747 -0.784594260786909
vn 0.02793945815324523 -0.6193797160210747 0.784594260786909
usemtl m_e1e6137b-1a8d-32d0-cbc3-670206234a2a
f 12/28/7 15/27/7 13/26/7 10/25/7
f 11/32/8 12/31/8 10/30/8 9/29/8
f 16/36/9 11/35/9 9/34/9 14/33/9
f 15/40/10 16/39/10 14/38/10 13/37/10
f 14/44/11 9/43/11 10/42/11 13/41/11
f 15/48/12 12/47/12 11/46/12 16/45/12
o Body
v 0.25 0.33566294835904253 -0.4409639519518812
v 0.25 0.08661427383610618 -0.41917501626496606
v 0.25 0.40102975541978797 0.3061820716169278
v 0.25 0.15198108089685164 0.32797100730384293
v -0.24999999999999997 0.08661427383610618 -0.41917501626496606
v -0.24999999999999997 0.33566294835904253 -0.4409639519518812
v -0.24999999999999997 0.15198108089685164 0.32797100730384293
v -0.24999999999999997 0.40102975541978797 0.3061820716169278
vt 0.3125 0.6875
vt 0.4375 0.6875
vt 0.4375 0.5
vt 0.3125 0.5
vt 0.25 0.6875
vt 0.3125 0.6875
vt 0.3125 0.5
vt 0.25 0.5
vt 0.5 0.6875
vt 0.625 0.6875
vt 0.625 0.5
vt 0.5 0.5
vt 0.4375 0.6875
vt 0.5 0.6875
vt 0.5 0.5
vt 0.4375 0.5
vt 0.4375 0.6875
vt 0.3125 0.6875
vt 0.3125 0.75
vt 0.4375 0.75
vt 0.5625 0.75
vt 0.4375 0.75
vt 0.4375 0.6875
vt 0.5625 0.6875
vn 0 -0.9961946980917453 0.08715574274766058
vn 1 0 0
vn 0 0.9961946980917453 -0.08715574274766058
vn -1 0 0
vn 0 -0.08715574274766058 -0.9961946980917453
vn 0 0.08715574274766058 0.9961946980917453
usemtl m_e1e6137b-1a8d-32d0-cbc3-670206234a2a
f 20/52/13 23/51/13 21/50/13 18/49/13
f 19/56/14 20/55/14 18/54/14 17/53/14
f 24/60/15 19/59/15 17/58/15 22/57/15
f 23/64/16 24/63/16 22/62/16 21/61/16
f 22/68/17 17/67/17 18/66/17 21/65/17
f 23/72/18 20/71/18 19/70/18 24/69/18
o Body Layer
v 0.265625 0.34986668203629384 -0.4578913025899969
v 0.265625 0.06968692319799047 -0.43337874994221737
v 0.265625 0.4179571060579037 0.32038580529417915
v 0.265625 0.1377773472196003 0.34489835794195867
v -0.265625 0.06968692319799047 -0.43337874994221737
v -0.265625 0.34986668203629384 -0.4578913025899969
v -0.265625 0.1377773472196003 0.34489835794195867
v -0.265625 0.4179571060579037 0.32038580529417915
vt 0.3125 0.4375
vt 0.4375 0.4375
vt 0.4375 0.25
vt 0.3125 0.25
vt 0.25 0.4375
vt 0.3125 0.4375
vt 0.3125 0.25
vt 0.25 0.25
vt 0.5 0.4375
vt 0.625 0.4375
vt 0.625 0.25
vt 0.5 0.25
vt 0.4375 0.4375
vt 0.5 0.4375
vt 0.5 0.25
vt 0.4375 0.25
vt 0.4375 0.4375
vt 0.3125 0.4375
vt 0.3125 0.5
vt 0.4375 0.5
vt 0.5625 0.5
vt 0.4375 0.5
vt 0.4375 0.4375
vt 0.5625 0.4375
vn 0 -0.9961946980917453 0.08715574274766058
vn 1 0 0
vn 0 0.9961946980917453 -0.08715574274766058
vn -1 0 0
vn 0 -0.08715574274766058 -0.9961946980917453
vn 0 0.08715574274766058 0.9961946980917453
usemtl m_e1e6137b-1a8d-32d0-cbc3-670206234a2a
f 28/76/19 31/75/19 29/74/19 26/73/19
f 27/80/20 28/79/20 26/78/20 25/77/20
f 32/84/21 27/83/21 25/82/21 30/81/21
f 31/88/22 32/87/22 30/86/22 29/85/22
f 30/92/23 25/91/23 26/90/23 29/89/23
f 31/96/24 28/95/24 27/94/24 32/93/24
o Right Leg
v 0.24284146113926808 0.3962841850319587 0.2782905074572014
v 0.24450624561550593 0.15596622839552488 0.34717089806829565
v 0.26853518212813093 0.6029731138019097 0.9987900004658194
v 0.2701999666043688 0.3626551571654758 1.0676703910769136
v -0.005341461139267989 0.15672665128468144 0.35586257146357114
v -0.007006245615505848 0.3970446079211152 0.2869821808524769
v 0.020352259849594878 0.36341558005463226 1.0763620644721892
v 0.018687475373357017 0.6037335366910661 1.0074816738610948
vt 0.0625 0.6875
vt 0.125 0.6875
vt 0.125 0.5
vt 0.0625 0.5
vt 0 0.6875
vt 0.0625 0.6875
vt 0.0625 0.5
vt 0 0.5
vt 0.1875 0.6875
vt 0.25 0.6875
vt 0.25 0.5
vt 0.1875 0.5
vt 0.125 0.6875
vt 0.1875 0.6875
vt 0.1875 0.5
vt 0.125 0.5
vt 0.125 0.6875
vt 0.0625 0.6875
vt 0.0625 0.75
vt 0.125 0.75
vt 0.1875 0.75
vt 0.125 0.75
vt 0.125 0.6875
vt 0.1875 0.6875
vn 0.006659137904951434 -0.9612718265457343 0.27552156244437664
vn 0.9993908270190959 -0.0030416915566258626 -0.03476669358110199
vn -0.006659137904951434 0.9612718265457343 -0.27552156244437664
vn -0.9993908270190959 0.0030416915566258626 0.03476669358110199
vn -0.034258294651817185 -0.2755852383599348 -0.9606659906781584
vn 0.034258294651817185 0.2755852383599348 0.9606659906781584
usemtl m_e1e6137b-1a8d-32d0-cbc3-670206234a2a
f 36/100/25 39/99/25 37/98/25 34/97/25
f 35/104/26 36/103/26 34/102/26 33/101/26
f 40/108/27 35/107/27 33/106/27 38/105/27
f 39/112/28 40/111/28 38/110/28 37/109/28
f 38/116/29 33/115/29 34/114/29 37/113/29
f 39/120/30 36/119/30 35/118/30 40/117/30
o Right Leg Layer
v 0.257817607927742 0.40695051154178963 0.25843184735245706
v 0.25969049046350956 0.13659281032580162 0.3359222867899381
v 0.2845819006244742 0.6222514790104884 1.0089521525697676
v 0.28645478316024175 0.3518937777945004 1.0864425920072485
v -0.021388179635611147 0.1374482860761026 0.34570041935962303
v -0.02326106217137874 0.4078059872920906 0.268209979922142
v 0.005376113061121005 0.35274925354480136 1.0962207245769333
v 0.003503230525353414 0.6231069547607895 1.0187302851394524
vt 0.0625 0.4375
vt 0.125 0.4375
vt 0.125 0.25
vt 0.0625 0.25
vt 0 0.4375
vt 0.0625 0.4375
vt 0.0625 0.25
vt 0 0.25
vt 0.1875 0.4375
vt 0.25 0.4375
vt 0.25 0.25
vt 0.1875 0.25
vt 0.125 0.4375
vt 0.1875 0.4375
vt 0.1875 0.25
vt 0.125 0.25
vt 0.125 0.4375
vt 0.0625 0.4375
vt 0.0625 0.5
vt 0.125 0.5
vt 0.1875 0.5
vt 0.125 0.5
vt 0.125 0.4375
vt 0.1875 0.4375
vn 0.006659137904951434 -0.9612718265457343 0.27552156244437664
vn 0.9993908270190959 -0.0030416915566258626 -0.03476669358110199
vn -0.006659137904951434 0.9612718265457343 -0.27552156244437664
vn -0.9993908270190959 0.0030416915566258626 0.03476669358110199
vn -0.034258294651817185 -0.2755852383599348 -0.9606659906781584
vn 0.034258294651817185 0.2755852383599348 0.9606659906781584
usemtl m_e1e6137b-1a8d-32d0-cbc3-670206234a2a
f 44/124/31 47/123/31 45/122/31 42/121/31
f 43/128/32 44/127/32 42/126/32 41/125/32
f 48/132/33 43/131/33 41/130/33 46/129/33
f 47/136/34 48/135/34 46/134/34 45/133/34
f 46/140/35 41/139/35 42/138/35 45/137/35
f 47/144/36 44/143/36 43/142/36 48/141/36
o Left Leg
v 0.005416324126901735 0.4014088144281879 0.33230367159567736
v 0.006931382627872324 0.15236244477760952 0.31054108072036807
v -0.020360647069733444 0.33600279262534494 1.079001468611213
v -0.018845588568762853 0.08695642297476658 1.0572388777359036
v -0.24291632412690173 0.15160202188845295 0.30184940732509263
v -0.24443138262787234 0.4006483915390313 0.32361199820040193
v -0.26869329532353686 0.08619600008561012 1.0485472043406283
v -0.2702083538245075 0.3352423697361885 1.0703097952159377
vt 0.3125 0.1875
vt 0.375 0.1875
vt 0.375 0
vt 0.3125 0
vt 0.25 0.1875
vt 0.3125 0.1875
vt 0.3125 0
vt 0.25 0
vt 0.4375 0.1875
vt 0.5 0.1875
vt 0.5 0
vt 0.4375 0
vt 0.375 0.1875
vt 0.4375 0.1875
vt 0.4375 0
vt 0.375 0
vt 0.375 0.1875
vt 0.3125 0.1875
vt 0.3125 0.25
vt 0.375 0.25
vt 0.4375 0.25
vt 0.375 0.25
vt 0.375 0.1875
vt 0.4375 0.1875
vn 0.0060602340038823565 -0.9961854786023138 -0.08705036350123725
vn 0.9993908270190959 0.003041691556626107 0.034766693581101765
vn -0.0060602340038823565 0.9961854786023138 0.08705036350123725
vn -0.9993908270190959 -0.003041691556626107 -0.034766693581101765
vn 0.0343692949288469 0.0872080290704572 -0.9955970626873808
vn -0.0343692949288469 -0.0872080290704572 0.9955970626873808
usemtl m_e1e6137b-1a8d-32d0-cbc3-670206234a2a
f 52/148/37 55/147/37 53/146/37 50/145/37
f 51/152/38 52/151/38 50/150/38 49/149/38
f 56/156/39 51/155/39 49/154/39 54/153/39
f 55/160/40 56/159/40 54/158/40 53/157/40
f 54/164/41 49/163/41 50/162/41 53/161/41
f 55/168/42 52/167/42 51/166/42 56/165/42
o Left Leg Layer
v 0.021474134876027676 0.4183843644161471 0.3186508590080986
v 0.02317857568961959 0.13820719855924646 0.2941679442733756
v -0.00537687678713397 0.3502530917048525 1.096461064232615
v -0.003672435973542056 0.07007592584795186 1.071978149497892
v -0.25790009440950123 0.13735172280894536 0.28438981170369076
v -0.2596045352230931 0.41752888866584603 0.30887272643841374
v -0.28475110607266285 0.06922045009765077 1.062200016928207
v -0.28645554688625474 0.34939761595455143 1.08668293166293
vt 0.0625 0.1875
vt 0.125 0.1875
vt 0.125 0
vt 0.0625 0
vt 0 0.1875
vt 0.0625 0.1875
vt 0.0625 0
vt 0 0
vt 0.1875 0.1875
vt 0.25 0.1875
vt 0.25 0
vt 0.1875 0
vt 0.125 0.1875
vt 0.1875 0.1875
vt 0.1875 0
vt 0.125 0
vt 0.125 0.1875
vt 0.0625 0.1875
vt 0.0625 0.25
vt 0.125 0.25
vt 0.1875 0.25
vt 0.125 0.25
vt 0.125 0.1875
vt 0.1875 0.1875
vn 0.0060602340038823565 -0.9961854786023138 -0.08705036350123725
vn 0.9993908270190959 0.003041691556626107 0.034766693581101765
vn -0.0060602340038823565 0.9961854786023138 0.08705036350123725
vn -0.9993908270190959 -0.003041691556626107 -0.034766693581101765
vn 0.0343692949288469 0.0872080290704572 -0.9955970626873808
vn -0.0343692949288469 -0.0872080290704572 0.9955970626873808
usemtl m_e1e6137b-1a8d-32d0-cbc3-670206234a2a
f 60/172/43 63/171/43 61/170/43 58/169/43
f 59/176/44 60/175/44 58/174/44 57/173/44
f 64/180/45 59/179/45 57/178/45 62/177/45
f 63/184/46 64/183/46 62/182/46 61/181/46
f 62/188/47 57/187/47 58/186/47 61/185/47
f 63/192/48 60/191/48 59/190/48 64/189/48
o Right Arm
v 0.38045203894798374 0.0585644880438585 0.04311175518508481
v 0.3679264679037193 0.3081693805706486 0.04947632089726928
v 0.8420546744373109 0.09676964212538186 -0.5467724479522045
v 0.8295291033930465 0.34637453465217194 -0.54040788224002
v 0.22044532556268917 0.30371864438285257 -0.06622049669583235
v 0.23297089660695355 0.054113751856062486 -0.07258506240801682
v 0.6820479610520164 0.3419237984643759 -0.6561046998331217
v 0.6945735320962807 0.09231890593758585 -0.6624692655453062
vt 0.6875 0.6875
vt 0.734375 0.6875
vt 0.734375 0.5
vt 0.6875 0.5
vt 0.625 0.6875
vt 0.6875 0.6875
vt 0.6875 0.5
vt 0.625 0.5
vt 0.796875 0.6875
vt 0.84375 0.6875
vt 0.84375 0.5
vt 0.796875 0.5
vt 0.734375 0.6875
vt 0.796875 0.6875
vt 0.796875 0.5
vt 0.734375 0.5
vt 0.734375 0.6875
vt 0.6875 0.6875
vt 0.6875 0.75
vt 0.734375 0.75
vt 0.78125 0.75
vt 0.734375 0.75
vt 0.734375 0.6875
vt 0.78125 0.6875
vn -0.050102284177057484 0.9984195701071599 0.025458262848737923
vn 0.7865660924854943 0.023737259668245476 0.6170496938298755
vn 0.050102284177057484 -0.9984195701071599 -0.025458262848737923
vn -0.7865660924854943 -0.023737259668245476 -0.6170496938298755
vn -0.6154701806524363 -0.05094020544203114 0.7865122708497186
vn 0.6154701806524363 0.05094020544203114 -0.7865122708497186
usemtl m_e1e6137b-1a8d-32d0-cbc3-670206234a2a
f 68/196/49 71/195/49 69/194/49 66/193/49
f 67/200/50 68/199/50 66/198/50 65/197/50
f 72/204/51 67/203/51 65/202/51 70/201/51
f 71/208/52 72/207/52 70/206/52 69/205/52
f 70/212/53 65/211/53 66/210/53 69/209/53
f 71/216/54 68/215/54 67/214/54 72/213/54
o Right Arm Layer
v 0.3839082607606418 0.04253913623321881 0.06464462552619199
v 0.36981699333584434 0.3233446403258575 0.0718047619523996
v 0.8647443393953576 0.08233617173480567 -0.549818086075151
v 0.8506530719705602 0.3631416758274444 -0.5426579496489434
v 0.1977556606046425 0.31815211477342886 -0.0631748585728858
v 0.21184692802943994 0.03734661068079015 -0.07033499499909335
v 0.6785917392393583 0.3579491502750157 -0.6776375701742289
v 0.6926830066641558 0.07714364618237701 -0.6847977066004364
vt 0.6875 0.4375
vt 0.734375 0.4375
vt 0.734375 0.25
vt 0.6875 0.25
vt 0.625 0.4375
vt 0.6875 0.4375
vt 0.6875 0.25
vt 0.625 0.25
vt 0.796875 0.4375
vt 0.84375 0.4375
vt 0.84375 0.25
vt 0.796875 0.25
vt 0.734375 0.4375
vt 0.796875 0.4375
vt 0.796875 0.25
vt 0.734375 0.25
vt 0.734375 0.4375
vt 0.6875 0.4375
vt 0.6875 0.5
vt 0.734375 0.5
vt 0.78125 0.5
vt 0.734375 0.5
vt 0.734375 0.4375
vt 0.78125 0.4375
vn -0.050102284177057484 0.9984195701071599 0.025458262848737923
vn 0.7865660924854943 0.023737259668245476 0.6170496938298755
vn 0.050102284177057484 -0.9984195701071599 -0.025458262848737923
vn -0.7865660924854943 -0.023737259668245476 -0.6170496938298755
vn -0.6154701806524363 -0.05094020544203114 0.7865122708497186
vn 0.6154701806524363 0.05094020544203114 -0.7865122708497186
usemtl m_e1e6137b-1a8d-32d0-cbc3-670206234a2a
f 76/220/55 79/219/55 77/218/55 74/217/55
f 75/224/56 76/223/56 74/222/56 73/221/56
f 80/228/57 75/227/57 73/226/57 78/225/57
f 79/232/58 80/231/58 78/230/58 77/229/58
f 78/236/59 73/235/59 74/234/59 77/233/59
f 79/240/60 76/239/60 75/238/60 80/237/60
o Left Arm
v -0.21870746109919653 0.05996392450218002 -0.18635221997242624
v -0.21608534129206536 0.2962721180201622 -0.26790932980342097
v -0.7033278938196033 -0.12196742413401973 -0.7290713191142373
v -0.700705774012472 0.11434076938396243 -0.8106284289452321
v -0.35917210618039697 0.3372194343774527 -0.15386659659815594
v -0.3617942259875282 0.10091124085947056 -0.0723094867671612
v -0.8437925389008036 0.15528808574125297 -0.696585695739967
v -0.8464146587079349 -0.08102010777672919 -0.6150285859089722
vt 0.5625 0.1875
vt 0.609375 0.1875
vt 0.609375 0
vt 0.5625 0
vt 0.5 0.1875
vt 0.5625 0.1875
vt 0.5625 0
vt 0.5 0
vt 0.671875 0.1875
vt 0.71875 0.1875
vt 0.71875 0
vt 0.671875 0
vt 0.609375 0.1875
vt 0.671875 0.1875
vt 0.671875 0
vt 0.609375 0
vt 0.609375 0.1875
vt 0.5625 0.1875
vt 0.5625 0.25
vt 0.609375 0.25
vt 0.65625 0.25
vt 0.609375 0.25
vt 0.609375 0.1875
vt 0.65625 0.1875
vn 0.010488479228524698 0.9452327740719286 -0.3262284393239791
vn 0.7631294127377687 -0.2183856872388831 -0.6082279104280804
vn -0.010488479228524698 -0.9452327740719286 0.3262284393239791
vn -0.7631294127377687 0.2183856872388831 0.6082279104280804
vn 0.6461605769605422 0.24257513151493318 0.7236254655224151
vn -0.6461605769605422 -0.24257513151493318 -0.7236254655224151
usemtl m_e1e6137b-1a8d-32d0-cbc3-670206234a2a
f 84/244/61 87/243/61 85/242/61 82/241/61
f 83/248/62 84/247/62 82/246/62 81/245/62
f 88/252/63 83/251/63 81/250/63 86/249/63
f 87/256/64 88/255/64 86/254/64 85/253/64
f 86/260/65 81/259/65 82/258/65 85/257/65
f 87/264/66 84/263/66 83/262/66 88/261/66
o Left Arm Layer
v -0.19685118749810615 0.04557262247411942 -0.1794518138096401
v -0.19390130271508355 0.31141934018184925 -0.2712035623695092
v -0.7016641382485297 -0.14393919902192198 -0.7447842087490266
v -0.6987142534655071 0.12190751868580785 -0.8365359573088957
v -0.3608358617514704 0.35919120926535497 -0.13815370696336665
v -0.363785746534493 0.09334449155762514 -0.04640195840349759
v -0.865648812501894 0.16967938776931346 -0.7034861019027532
v -0.8685986972849167 -0.09616732993841637 -0.6117343533428841
vt 0.8125 0.1875
vt 0.859375 0.1875
vt 0.859375 0
vt 0.8125 0
vt 0.75 0.1875
vt 0.8125 0.1875
vt 0.8125 0
vt 0.75 0
vt 0.921875 0.1875
vt 0.96875 0.1875
vt 0.96875 0
vt 0.921875 0
vt 0.859375 0.1875
vt 0.921875 0.1875
vt 0.921875 0
vt 0.859375 0
vt 0.859375 0.1875
vt 0.8125 0.1875
vt 0.8125 0.25
vt 0.859375 0.25
vt 0.90625 0.25
vt 0.859375 0.25
vt 0.859375 0.1875
vt 0.90625 0.1875
vn 0.010488479228524698 0.9452327740719286 -0.3262284393239791
vn 0.7631294127377687 -0.2183856872388831 -0.6082279104280804
vn -0.010488479228524698 -0.9452327740719286 0.3262284393239791
vn -0.7631294127377687 0.2183856872388831 0.6082279104280804
vn 0.6461605769605422 0.24257513151493318 0.7236254655224151
vn -0.6461605769605422 -0.24257513151493318 -0.7236254655224151
usemtl m_e1e6137b-1a8d-32d0-cbc3-670206234a2a
f 92/268/67 95/267/67 93/266/67 90/265/67
f 91/272/68 92/271/68 90/270/68 89/269/68
f 96/276/69 91/275/69 89/274/69 94/273/69
f 95/280/70 96/279/70 94/278/70 93/277/70
f 94/284/71 89/283/71 90/282/71 93/281/71
f 95/288/72 92/287/72 91/286/72 96/285/72